pick_up:
    tx: -1.61223
    ty: -0.759427
    tz: 0.0102
    qx: 0
    qy: 0
    qz: 0.99018
    qw: -0.1397
    
drop_off:
    tx: 4.28052
    ty: 6.93763
    tz: 0.0102
    qx: 0
    qy: 0
    qz: -0.1139
    qw: 0.993491
